"subject","label","meanX","meanY","meanZ","stdX","stdY","stdZ","type","activity"
2,"SITTING",0.27708735173913,-0.0156879937282609,-0.109218272456522,-0.986822279565217,-0.950704499130435,-0.95982817173913,NA,NA
2,"STANDING",0.279540616568627,-0.0182974918362745,-0.106537747519608,-0.981054277745098,-0.968115534901961,-0.965973119803922,NA,NA
2,"WALKING",0.276426586440678,-0.0185949199145763,-0.105500357966102,-0.423642838474576,-0.0780912533118644,-0.425257524915254,NA,NA
2,"WALKING_DOWNSTAIRS",0.27761534806383,-0.0226614158361702,-0.116812942382979,0.0463666814446808,0.262881788951064,-0.10283790806383,NA,NA
2,"WALKING_UPSTAIRS",0.247164790395833,-0.0214121132045833,-0.152513899520833,-0.304376406458333,0.108027279889583,-0.112121021220833,NA,NA
4,"SITTING",0.27153827992,-0.007163065158,-0.10587459588,-0.980309931,-0.89022398108,-0.9322030066,NA,NA
4,"STANDING",0.272183485263636,-0.0121960196080909,-0.103290723527273,-0.965763767090909,-0.900927377272727,-0.929175865,NA,NA
4,"WALKING",0.278582015166667,-0.0148399475341667,-0.11140306485,-0.440829971333333,-0.0788267367683333,-0.586252806833333,NA,NA
4,"WALKING_DOWNSTAIRS",0.279965329555556,-0.00980200850666667,-0.1067775246,0.0111935496222222,-0.21859832499,-0.479185977111111,NA,NA
4,"WALKING_UPSTAIRS",0.270876696730769,-0.0319804295729615,-0.114219455519231,-0.204933042903846,-0.0666899105180769,-0.372137777692308,NA,NA
9,"SITTING",0.24832674354,-0.02701677698,-0.07537846886,-0.9572277914,-0.875141405,-0.83200187268,NA,NA
9,"STANDING",0.270144520210526,-0.0202988250126316,-0.1017352604,-0.958158009052632,-0.926876294631579,-0.930565005578947,NA,NA
9,"WALKING",0.278502842115385,-0.0180891971284423,-0.110820512307692,-0.238353562692308,-0.201696960826923,-0.0579636469030769,NA,NA
9,"WALKING_DOWNSTAIRS",0.295923445,-0.0203994269075476,-0.0910278793952381,0.213392270547619,-0.208310705504762,-0.00771530035714285,NA,NA
9,"WALKING_UPSTAIRS",0.262436475714286,-0.0195101099975714,-0.125219003959184,-0.36144437755102,-0.302206203816327,-0.253434083542857,NA,NA
10,"SITTING",0.270612056481481,-0.015042681852037,-0.104253238796296,-0.982901825925926,-0.917979529962963,-0.967826981666667,NA,NA
10,"STANDING",0.27868614245098,-0.0205188425,-0.113198048529412,-0.97264908754902,-0.934853633627451,-0.951620486176471,NA,NA
10,"WALKING",0.278574076603774,-0.017022351190566,-0.109057512132075,-0.178709734396226,-0.0227431651698113,-0.395645072075472,NA,NA
10,"WALKING_DOWNSTAIRS",0.290401594315789,-0.0200050770710526,-0.110848597247368,0.295733547631579,0.00407915363157895,-0.183557562032895,NA,NA
10,"WALKING_UPSTAIRS",0.267121853404255,-0.0143854920340426,-0.118180420834043,-0.161591924234043,-0.00555287692765957,-0.0738744931340426,NA,NA
12,"SITTING",0.275007224901961,-0.0157892988523529,-0.106307228960784,-0.982568781960784,-0.92858124,-0.939661889019608,NA,NA
12,"STANDING",0.268831090165289,-0.0172077604659504,-0.106832682024793,-0.968388465619835,-0.935998975702479,-0.934395069561983,NA,NA
12,"WALKING",0.2771286656,-0.015560927606,-0.10316110632,-0.128898533096,-0.122783290008,-0.4106060626,NA,NA
12,"WALKING_DOWNSTAIRS",0.281521097391304,-0.018084266865793,-0.10955593226087,0.0424084916086956,0.11083534373913,-0.425017413478261,NA,NA
12,"WALKING_UPSTAIRS",0.272970338653846,-0.0263574903403846,-0.107339730115385,-0.290149192307692,-0.103818259823077,-0.436697425576923,NA,NA
13,"SITTING",0.274328499591837,-0.00587732936326531,-0.0972465110836735,-0.989546275306122,-0.938967741632653,-0.938641215510204,NA,NA
13,"STANDING",0.277215503529412,-0.0186915339184874,-0.10806429792437,-0.979491484201681,-0.95021724302521,-0.958605323781513,NA,NA
13,"WALKING",0.275883130350877,-0.0185660651947368,-0.111431456192982,-0.346980394210526,0.141866689392982,-0.220503537026316,NA,NA
13,"WALKING_DOWNSTAIRS",0.294907553404255,-0.0143723839108511,-0.101993941531915,-0.0681563626617021,-0.03212524665,-0.158333146191489,NA,NA
13,"WALKING_UPSTAIRS",0.258203939581818,-0.0277392253910909,-0.125767265890909,-0.296284597454545,0.104470773801818,-0.217210568085455,NA,NA
18,"SITTING",0.27727001877193,-0.0128691279736842,-0.111904775824561,-0.994347988596491,-0.974928131052632,-0.977572717017544,NA,NA
18,"STANDING",0.276684386449275,-0.0169925770471014,-0.108098009405797,-0.988490868695652,-0.96926645442029,-0.974018901594203,NA,NA
18,"WALKING",0.273887758571429,-0.0178023631866071,-0.104218315464286,-0.37600552125,-0.227005874892857,-0.428348061071429,NA,NA
18,"WALKING_DOWNSTAIRS",0.288439468909091,-0.0168666920221818,-0.1033908092,-0.302634565090909,-0.254214045818182,-0.418610127454545,NA,NA
18,"WALKING_UPSTAIRS",0.265401201896552,-0.0222060684378914,-0.112655891327586,-0.380168286724138,-0.211155120224138,-0.31437339137931,NA,NA
20,"SITTING",0.278045439090909,-0.0147229305131818,-0.108369634515152,-0.983081858939394,-0.93612270469697,-0.929106396818182,NA,NA
20,"STANDING",0.259476241347518,-0.0163194083019858,-0.102269896507801,-0.964817496241135,-0.918181817517731,-0.941803525177305,NA,NA
20,"WALKING",0.272589336470588,-0.021199992245098,-0.113539477098039,-0.208342792019608,0.489771808627451,-0.228734217372549,NA,NA
20,"WALKING_DOWNSTAIRS",0.296144421355556,-0.00964120773155556,-0.104602925937778,0.0745098785288889,0.616937015333333,-0.160938536488889,NA,NA
20,"WALKING_UPSTAIRS",0.252098317156863,-0.0282258047588235,-0.121023947784314,-0.116088676011765,0.15219632835098,-0.229249455098039,NA,NA
24,"SITTING",0.273475690147059,-0.0131255097938235,-0.103041061426471,-0.990593766617647,-0.956255962058824,-0.957056111470588,NA,NA
24,"STANDING",0.276519919326241,-0.0159476337674326,-0.107718902815603,-0.977414926453901,-0.960491287163121,-0.952385706524823,NA,NA
24,"WALKING",0.276980816034483,-0.0225446400534483,-0.110595952913793,-0.47076236637931,-0.154127498163793,-0.288840016206897,NA,NA
24,"WALKING_DOWNSTAIRS",0.288631208909091,-0.0145730348310909,-0.104818820272727,-0.08273248054,-0.102607326783636,-0.205566380745455,NA,NA
24,"WALKING_UPSTAIRS",0.269881106779661,-0.0251979434569492,-0.114248610966102,-0.344399351355932,-0.116804488966102,-0.255601012881356,NA,NA
